-717037
800977
120567
-564504
631150
-632138
-882426
788017
135682
-37525
-945997
930734
-472126
936332
585385
-122118
669509
739336
-397692
971477
-517188
-293749
286417
750619
-293193
-352063
862086
-524035
639136
637780
-555938
551959
633835
-499888
731719
-663702
-685202
223125
476166
-327022
-333552
292523
-550497
823828
439398
-298424
193271
283350
-514910
712098
-79178
-320969
150608
462291
-758900
-684237
587491
-99481
331872
617163
-489691
347299
936839
-619694
883856
-9552
-884321
901352
48883
-526429
-900617
106340
-863206
954968
4762
-821992
746781
786527
-997811
973239
-871002
-807946
408130
452880
-752179
-163304
6850
-240719
692847
879598
-684405
824226
790052
-382385
562095
-949206
-717037
800977
120567
-564504
631150
-632138
-882426
788017
135682
-37525
-945997
930734
-472126
936332
585385
-122118
669509
739336
-397692
971477
-517188
-293749
286417
750619
-293193
-352063
862086
-524035
639136
637780
-555938
551959
633835
-499888
731719
-663702
-685202
223125
476166
-327022
-333552
292523
-550497
823828
439398
-298424
193271
283350
-514910
712098
-79178
-320969
150608
462291
-758900
-684237
587491
-99481
331872
617163
-489691
347299
936839
-619694
883856
-9552
-884321
901352
48883
-526429
-900617
106340
-863206
954968
4762
-821992
746781
786527
-997811
973239
-871002
-807946
408130
452880
-752179
-163304
6850
-240719
692847
879598
-684405
824226
790052
-382385
562095
-949206
-390888
-717037
800977
120567
-564504
631150
-632138
-882426
788017
135682
-37525
-945997
930734
-472126
936332
585385
-122118
669509
739336
-397692
971477
-517188
-293749
286417
750619
-293193
-352063
862086
-524035
639136
637780
-555938
551959
633835
-499888
731719
-663702
-685202
223125
476166
-327022
-333552
292523
-550497
823828
439398
-298424
193271
283350
-514910
712098
-79178
-320969
150608
462291
-758900
-684237
587491
-99481
331872
617163
-489691
347299
936839
-619694
883856
-9552
-884321
901352
48883
-526429
-900617
106340
-863206
954968
4762
-821992
746781
786527
-997811
973239
-871002
-807946
408130
452880
-752179
-163304
6850
-240719
692847
879598
-684405
824226
790052
-382385
562095
-949206
-390888
-717037
800977
120567
-564504
631150
-632138
-882426
788017
135682
-37525
-945997
930734
-472126
936332
585385
-122118
669509
739336
-397692
971477
-517188
-293749
286417
750619
-293193
-352063
862086
-524035
639136
637780
-555938
551959
633835
-499888
731719
-663702
-685202
223125
476166
-327022
-333552
292523
-550497
823828
439398
-298424
193271
283350
-514910
712098
-79178
-320969
150608
462291
-758900
-684237
587491
-99481
331872
617163
-489691
347299
936839
-619694
883856
-9552
-884321
901352
48883
-526429
-900617
106340
-863206
954968
4762
-821992
746781
786527
-997811
973239
-871002
-807946
408130
452880
-752179
-163304
6850
-240719
692847
879598
-684405
824226
790052
-382385
562095
-949206
-390888
-717037
800977
120567
-564504
631150
-632138
-882426
788017
135682
-37525
-945997
930734
-472126
936332
585385
-122118
669509
739336
-397692
971477
-517188
-293749
286417
750619
-293193
-352063
862086
-524035
639136
637780
-555938
551959
633835
-499888
731719
-663702
-685202
223125
476166
-327022
-333552
292523
-550497
823828
439398
-298424
193271
283350
-514910
712098
-79178
-320969
150608
462291
-758900
-684237
587491
-99481
331872
617163
-489691
347299
936839
-619694
883856
-9552
-884321
901352
48883
-526429
-900617
106340
-863206
954968
4762
-821992
746781
786527
-997811
973239
-871002
-807946
408130
452880
-752179
-163304
6850
-240719
692847
879598
-684405
824226
790052
-382385
562095
-949206
-390888
-717037
800977
120567
-564504
631150
-632138
-882426
788017
135682
-37525
-945997
930734
-472126
936332
585385
-122118
669509
739336
-397692
971477
-517188
-293749
286417
750619
-293193
-352063
862086
-524035
639136
637780
-555938
551959
633835
-499888
731719
-663702
-685202
223125
476166
-327022
-333552
292523
-550497
823828
439398
-298424
193271
283350
-514910
712098
-79178
-320969
150608
462291
-758900
-684237
587491
-99481
331872
617163
-489691
347299
936839
-619694
883856
-9552
-884321
901352
48883
-526429
-900617
106340
-863206
954968
4762
-821992
746781
786527
-997811
973239
-871002
-807946
408130
452880
-752179
-163304
6850
-240719
692847
879598
-684405
824226
790052
-382385
562095
-949206
-390888
-717037
800977
120567
-564504
631150
-632138
-882426
788017
135682
-37525
-945997
930734
-472126
936332
585385
-122118
669509
739336
-397692
971477
-517188
-293749
286417
750619
-293193
-352063
862086
-524035
639136
637780
-555938
551959
633835
-499888
731719
-663702
-685202
223125
476166
-327022
-333552
292523
-550497
823828
439398
-298424
193271
283350
-514910
712098
-79178
-320969
150608
462291
-758900
-684237
587491
-99481
331872
617163
-489691
347299
936839
-619694
883856
-9552
-884321
901352
48883
-526429
-900617
106340
-863206
954968
4762
-821992
746781
786527
-997811
973239
-871002
-807946
408130
452880
-752179
-163304
6850
-240719
692847
879598
-684405
824226
790052
-382385
562095
-949206
-390888
-717037
800977
120567
-564504
631150
-632138
-882426
788017
135682
-37525
-945997
930734
-472126
936332
585385
-122118
669509
739336
-397692
971477
-517188
-293749
286417
750619
-293193
-352063
862086
-524035
639136
637780
-555938
551959
633835
-499888
731719
-663702
-685202
223125
476166
-327022
-333552
292523
-550497
823828
439398
-298424
193271
283350
-514910
712098
-79178
-320969
150608
462291
-758900
-684237
587491
-99481
331872
617163
-489691
347299
936839
-619694
883856
-9552
-884321
901352
48883
-526429
-900617
106340
-863206
954968
4762
-821992
746781
786527
-997811
973239
-871002
-807946
408130
452880
-752179
-163304
6850
-240719
692847
879598
-684405
824226
790052
-382385
562095
-949206
-390888
-717037
800977
120567
-564504
631150
-632138
-882426
788017
135682
-37525
-945997
930734
-472126
936332
585385
-122118
669509
739336
-397692
971477
-517188
-293749
286417
750619
-293193
-352063
862086
-524035
639136
637780
-555938
551959
633835
-499888
731719
-663702
-685202
223125
476166
-327022
-333552
292523
-550497
823828
439398
-298424
193271
283350
-514910
712098
-79178
-320969
150608
462291
-758900
-684237
587491
-99481
331872
617163
-489691
347299
936839
-619694
883856
-9552
-884321
901352
48883
-526429
-900617
106340
-863206
954968
4762
-821992
746781
786527
-997811
973239
-871002
-807946
408130
452880
-752179
-163304
6850
-240719
692847
879598
-684405
824226
790052
-382385
562095
-949206
-390888
-717037
800977
120567
-564504
631150
-632138
-882426
788017
135682
-37525
-945997
930734
-472126
936332
585385
-122118
669509
739336
-397692
971477
-517188
-293749
286417
750619
-293193
-352063
862086
-524035
639136
637780
-555938
551959
633835
-499888
731719
-663702
-685202
223125
476166
-327022
-333552
292523
-550497
823828
439398
-298424
193271
283350
-514910
712098
-79178
-320969
150608
462291
-758900
-684237
587491
-99481
331872
617163
-489691
347299
936839
-619694
883856
-9552
-884321
901352
48883
-526429
-900617
106340
-863206
954968
4762
-821992
746781
786527
-997811
973239
-871002
-807946
408130
452880
-752179
-163304
6850
-240719
692847
879598
-684405
824226
790052
-382385
562095
-949206
-390888
-717037
800977
120567
-564504
631150
-632138
-882426
788017
135682
-37525
-945997
930734
-472126
936332
585385
-122118
669509
739336
-397692
971477
-517188
-293749
286417
750619
-293193
-352063
862086
-524035
639136
637780
-555938
551959
633835
-499888
731719
-663702
-685202
223125
476166
-327022
-333552
292523
-550497
823828
439398
-298424
193271
283350
-514910
712098
-79178
-320969
150608
462291
-758900
-684237
587491
-99481
331872
617163
-489691
347299
936839
-619694
883856
-9552
-884321
901352
48883
-526429
-900617
106340
-863206
954968
4762
-821992
746781
786527
-997811
973239
-871002
-807946
408130
452880
-752179
-163304
6850
-240719
692847
879598
-684405
824226
790052
-382385
562095
-949206
-390888
-717037
800977
120567
-564504
631150
-632138
-882426
788017
135682
-37525
-945997
930734
-472126
936332
585385
-122118
669509
739336
-397692
971477
-517188
-293749
286417
750619
-293193
-352063
862086
-524035
639136
637780
-555938
551959
633835
-499888
731719
-663702
-685202
223125
476166
-327022
-333552
292523
-550497
823828
439398
-298424
193271
283350
-514910
712098
-79178
-320969
150608
462291
-758900
-684237
587491
-99481
331872
617163
-489691
347299
936839
-619694
883856
-9552
-884321
901352
48883
-526429
-900617
106340
-863206
954968
4762
-821992
746781
786527
-997811
973239
-871002
-807946
408130
452880
-752179
-163304
6850
-240719
692847
879598
-684405
824226
790052
-382385
562095
-949206
-390888
-717037
800977
120567
-564504
631150
-632138
-882426
788017
135682
-37525
-945997
930734
-472126
936332
585385
-122118
669509
739336
-397692
971477
-517188
-293749
286417
750619
-293193
-352063
862086
-524035
639136
637780
-555938
551959
633835
-499888
731719
-663702
-685202
223125
476166
-327022
-333552
292523
-550497
823828
439398
-298424
193271
283350
-514910
712098
-79178
-320969
150608
462291
-758900
-684237
587491
-99481
331872
617163
-489691
347299
936839
-619694
883856
-9552
-884321
901352
48883
-526429
-900617
106340
-863206
954968
4762
-821992
746781
786527
-997811
973239
-871002
-807946
408130
452880
-752179
-163304
6850
-240719
692847
879598
-684405
824226
790052
-382385
562095
-949206
-390888
-717037
800977
120567
-564504
631150
-632138
-882426
788017
135682
-37525
-945997
930734
-472126
936332
585385
-122118
669509
739336
-397692
971477
-517188
-293749
286417
750619
-293193
-352063
862086
-524035
639136
637780
-555938
551959
633835
-499888
731719
-663702
-685202
223125
476166
-327022
-333552
292523
-550497
823828
439398
-298424
193271
283350
-514910
712098
-79178
-320969
150608
462291
-758900
-684237
587491
-99481
331872
617163
-489691
347299
936839
-619694
883856
-9552
-884321
901352
48883
-526429
-900617
106340
-863206
954968
4762
-821992
746781
786527
-997811
973239
-871002
-807946
408130
452880
-752179
-163304
6850
-240719
692847
879598
-684405
824226
790052
-382385
562095
-949206
-390888
-717037
800977
120567
-564504
631150
-632138
-882426
788017
135682
-37525
-945997
930734
-472126
936332
585385
-122118
669509
739336
-397692
971477
-517188
-293749
286417
750619
-293193
-352063
862086
-524035
639136
637780
-555938
551959
633835
-499888
731719
-663702
-685202
223125
476166
-327022
-333552
292523
-550497
823828
439398
-298424
193271
283350
-514910
712098
-79178
-320969
150608
462291
-758900
-684237
587491
-99481
331872
617163
-489691
347299
936839
-619694
883856
-9552
-884321
901352
48883
-526429
-900617
106340
-863206
954968
4762
-821992
746781
786527
-997811
973239
-871002
-807946
408130
452880
-752179
-163304
6850
-240719
692847
879598
-684405
824226
790052
-382385
562095
-949206
-390888
-717037
800977
120567
-564504
631150
-632138
-882426
788017
135682
-37525
-945997
930734
-472126
936332
585385
-122118
669509
739336
-397692
971477
-517188
-293749
286417
750619
-293193
-352063
862086
-524035
639136
637780
-555938
551959
633835
-499888
731719
-663702
-685202
223125
476166
-327022
-333552
292523
-550497
823828
439398
-298424
193271
283350
-514910
712098
-79178
-320969
150608
462291
-758900
-684237
587491
-99481
331872
617163
-489691
347299
936839
-619694
883856
-9552
-884321
901352
48883
-526429
-900617
106340
-863206
954968
4762
-821992
746781
786527
-997811
973239
-871002
-807946
408130
452880
-752179
-163304
6850
-240719
692847
879598
-684405
824226
790052
-382385
562095
-949206
-390888
-717037
800977
120567
-564504
631150
-632138
-882426
788017
135682
-37525
-945997
930734
-472126
936332
585385
-122118
669509
739336
-397692
971477
-517188
-293749
286417
750619
-293193
-352063
862086
-524035
639136
637780
-555938
551959
633835
-499888
731719
-663702
-685202
223125
476166
-327022
-333552
292523
-550497
823828
439398
-298424
193271
283350
-514910
712098
-79178
-320969
150608
462291
-758900
-684237
587491
-99481
331872
617163
-489691
347299
936839
-619694
883856
-9552
-884321
901352
48883
-526429
-900617
106340
-863206
954968
4762
-821992
746781
786527
-997811
973239
-871002
-807946
408130
452880
-752179
-163304
6850
-240719
692847
879598
-684405
824226
790052
-382385
562095
-949206
-390888
-717037
800977
120567
-564504
631150
-632138
-882426
788017
135682
-37525
-945997
930734
-472126
936332
585385
-122118
669509
739336
-397692
971477
-517188
-293749
286417
750619
-293193
-352063
862086
-524035
639136
637780
-555938
551959
633835
-499888
731719
-663702
-685202
223125
476166
-327022
-333552
292523
-550497
823828
439398
-298424
193271
283350
-514910
712098
-79178
-320969
150608
462291
-758900
-684237
587491
-99481
331872
617163
-489691
347299
936839
-619694
883856
-9552
-884321
901352
48883
-526429
-900617
106340
-863206
954968
4762
-821992
746781
786527
-997811
973239
-871002
-807946
408130
452880
-752179
-163304
6850
-240719
692847
879598
-684405
824226
790052
-382385
562095
-949206
-390888
-717037
800977
120567
-564504
631150
-632138
-882426
788017
135682
-37525
-945997
930734
-472126
936332
585385
-122118
669509
739336
-397692
971477
-517188
-293749
286417
750619
-293193
-352063
862086
-524035
639136
637780
-555938
551959
633835
-499888
731719
-663702
-685202
223125
476166
-327022
-333552
292523
-550497
823828
439398
-298424
193271
283350
-514910
712098
-79178
-320969
150608
462291
-758900
-684237
587491
-99481
331872
617163
-489691
347299
936839
-619694
883856
-9552
-884321
901352
48883
-526429
-900617
106340
-863206
954968
4762
-821992
746781
786527
-997811
973239
-871002
-807946
408130
452880
-752179
-163304
6850
-240719
692847
879598
-684405
824226
790052
-382385
562095
-949206
-390888
-390888
946349
701863
-600999
